80
0.20
1
17.7845
19.9924
0.0425
2.2079
80
0.20
2
17.0495
20.3005
0.0779
3.2510
80
0.40
23.4092
24.3201
0.1677
0.9109
80
0.40
2
25.9366
27.6697
0.1896
1.7331
85
0.20
1
14.0575
15.4924
0.0710
1.4349
85
0.20
2
14.0446
16.3273
0.0953
2.2827
85
0.40
1
20.5499
21.2595
0.1559
0.7096
85
0.40
23.6037
24.9556
0.1957
1.3519
90
0.20
10.8414
11.6997
0.0846
0.8583
90
0.20
11.4484
13.0961
0.0961
1.6477
90
0.40
1
17.9818
18.4667
0.1573
0.4849
90
0.40
21.4763
22.6358
0.1876
1.1595
95
0.20
1
8.1618
8.8639
0.0828
0.7021
95
0.20
9.2425
10.3061
0.0965
1.0636
95
0.40
1
15.6903
15.9783
0.1529
0.2880
95
0.40
19.5394
20.4489
0.1896
0.9095
100
0.20
1
6.0040
6.4022
0.0735
0.3982
100
0.20
7.3963
8.1683
0.0908
0.7720
100
0.40
1
13.6572
14.0117
0.1482
0.3545
100
0.40
17.7780
18.5118
0.1878
0.7338
105
0.20
4.3213
4.5979
0.0653
0.2766
105
0.20
2
5.8722
6.3964
0.0857
0.5242
105
0.40
1
11.8625
12.2267
0.1454
0.3642
105
0.40
16.1778
16.5401
0.1807
0.3623
110
0.20
3.0476
3.1438
0.0560
0.0962
110
0.20
4.6292
5.0001
0.0777
0.3709
110
0.40
1
10.2849
10.6562
0.1360
0.3713
110
0.40
14.7251
15.2884
0.1759
0.5633
115
0.20
1
2.1095
2.1293
0.0472
0.0198
115
0.20
3.6263
3.8081
0.0690
0.1818
115
0.40
1
8.9036
9.0256
0.1272
0.1220
115
0.40
13.4069
13.6494
0.1687
0.2425
120
0.20
1
1.4354
1.5014
0.0388
0.0660
120
0.20
2.8248
3.1769
0.0652
0.3521
120
0.40
1
7.6979
7.7794
0.1202
0.0815
120
0.40
2
12.2111
12.6356
0.1678
0.4245